[Z Finetuning]
MidInterestingZone=0
ZoneAutoShifting=1
Numbers=20

[Layers]
CurLayer=1
Frame=225,250
State=000000111

[Frame1]
Split=1,1,8,1
WP=75,75,1672,726; 0,0
View1=0.000000,0.000000,0,1.500000

[AddImage - ArbTrans]
RefFile=
RefLayer=0
Transform=0
Where=3
ErrPix=0

[AddImage - NoTrans]
Method=0
Load=700.000000,5400.000000
Raster=Растр_реки

[3D Settings - 1]
Count=56
Name=Colors
Colors=AAAAAAAAOFOFGJAANMMMMMNDOFOFPPAAKJJJJJODCDMNIMAAAAAAAAPDEGPPEGAAKJJJJBPDPPPPOFAANMMMMEPDPPOFOFAAAAAAAIPDIMELELAA

[Layer Manager]
VColumns=63
RColumnsCX=111,48,60,418,0,0,0,0,0,
RColumns=15
VColumnsCX=62,81,122,47,59,61,
Splitter=200,100
Position=50,100,650,450

[View Settings - 1]
Name=Для монохромных растров
Colors=16777215,65535,0,8355711,65535

[3D Settings]
TextColor=0
Current=0
Layer0=
Layer1=
Step0=100
SpecValue=0
Layer2=
Step1=100
Step2=10
SpecWd=0
TextHt=10
Poly attrs=1,10,2,1,0,16777215
SpecColor=16777215
IsoWidth0=2
IsoWidth1=4
IsoType0=Basic
IsoWidth2=0
IsoType1=Emph
Count=1
IsoType2=Aux
ShowZero=1
IsoTypeCnt=3

[View Settings - 2]
Name=Для цветных растров
Colors=0,255,16777215,12632256,255

[AddImage - ImgTrans]
PlanePrm=700.000000,300.000000,5700.000000,5400.000000;10000.000000,10000.000000;10000.000000,10000.000000
CutLines=0
AutoHide=0

[Custom Tools]
Show Tool Name=0

[Settings]
Frames=1
Modes=0

[View Settings]
ScrollVCD=1

[AddImage]
Scale=100000

